function mpc = case118
mpc.version = '2';
mpc.baseMVA = 100;
mpc.bus =[
	1	3	51	27	0	0	1	1.1085858	-0.061865631	138	1	1.06	0.94;
	2	1	0.0	0.0	0	0	1	1.1268806	0.068460546	138	1	1.06	0.94;
	3	1	0.0	0.0	0	0	1	1.1143409	-0.025315827	138	1	1.06	0.94;
	4	3	39	12	0	0	1	1.1007273	0.014904205	138	1	1.06	0.94;
	5	1	0.0	0.0	0	-40	1	1.1093643	-0.012030754	138	1	1.06	0.94;
	6	3	52	22	0	0	1	1.1126528	-0.033295445	138	1	1.06	0.94;
	7	1	0.0	0.0	0	0	1	1.1218504	0.051467326	138	1	1.06	0.94;
	8	3	28	0	0	0	1	1.1227653	0.062752202	345	1	1.06	0.94;
	9	1	0.0	0.0	0	0	1	1.1398524	-0.045546465	345	1	1.06	0.94;
	10	3	0	0	0	0	1	1.1163404	0.01233671	345	1	1.06	0.94;
	11	1	0.0	0.0	0	0	1	1.1264772	0.093848355	138	1	1.06	0.94;
	12	3	47	10	0	0	1	1.1368209	0.16757149	138	1	1.06	0.94;
	13	1	0.0	0.0	0	0	1	1.1313684	0.041044746	138	1	1.06	0.94;
	14	1	0.0	0.0	0	0	1	1.1387994	0.10172458	138	1	1.06	0.94;
	15	3	90	30	0	0	1	1.13705	0.03152797	138	1	1.06	0.94;
	16	1	0.0	0.0	0	0	1	1.1398524	0.067278646	138	1	1.06	0.94;
	17	1	0.0	0.0	0	0	1	1.1398524	-0.063719682	138	1	1.06	0.94;
	18	3	60	34	0	0	1	1.1388313	0.035898231	138	1	1.06	0.94;
	19	3	45	25	0	0	1	1.1261851	0.031492487	138	1	1.06	0.94;
	20	1	0.0	0.0	0	0	1	1.0960494	-0.077290803	138	1	1.06	0.94;
	21	1	0.0	0.0	0	0	1	1.0719416	-0.13357094	138	1	1.06	0.94;
	22	1	0.0	0.0	0	0	1	1.0421523	-0.17370799	138	1	1.06	0.94;
	23	1	0.0	0.0	0	0	1	0.98829305	-0.18098493	138	1	1.06	0.94;
	24	3	13	0	0	0	1	0.9193241	0.031506427	138	1	1.06	0.94;
	25	3	0	0	0	0	1	1.0816488	0.0066531627	138	1	1.06	0.94;
	26	3	0	0	0	0	1	1.139852	-0.0051294644	345	1	1.06	0.94;
	27	3	71	13	0	0	1	0.87914056	0.18457396	138	1	1.06	0.94;
	28	1	0.0	0.0	0	0	1	0.94414747	0.20965372	138	1	1.06	0.94;
	29	1	0.0	0.0	0	0	1	1.0143988	0.15469876	138	1	1.06	0.94;
	30	1	0.0	0.0	0	0	1	1.120542	-0.029115735	345	1	1.06	0.94;
	31	3	43	27	0	0	1	1.0389709	0.048933987	138	1	1.06	0.94;
	32	3	59	23	0	0	1	0.95790291	0.030885933	138	1	1.06	0.94;
	33	1	0.0	0.0	0	0	1	1.1398524	-0.026928408	138	1	1.06	0.94;
	34	3	59	26	0	14	1	1.1350524	0.031462505	138	1	1.06	0.94;
	35	1	0.0	0.0	0	0	1	1.1318783	0.023185289	138	1	1.06	0.94;
	36	3	31	17	0	0	1	1.1305763	0.031446662	138	1	1.06	0.94;
	37	1	0.0	0.0	0	-25	1	1.1378005	-0.012578996	138	1	1.06	0.94;
	38	1	0.0	0.0	0	0	1	1.089358	-0.022865454	345	1	1.06	0.94;
	39	1	0.0	0.0	0	0	1	1.1371852	0.0018530538	138	1	1.06	0.94;
	40	3	66	23	0	0	1	1.1354456	0.031458288	138	1	1.06	0.94;
	41	1	0.0	0.0	0	0	1	1.1074566	0.011697169	138	1	1.06	0.94;
	42	3	96	23	0	0	1	1.0264347	0.031452004	138	1	1.06	0.94;
	43	1	0.0	0.0	0	0	1	1.1398524	-0.21017842	138	1	1.06	0.94;
	44	1	0.0	0.0	0	10	1	1.1335042	-0.39102429	138	1	1.06	0.94;
	45	1	0.0	0.0	0	10	1	1.1175295	-0.28116965	138	1	1.06	0.94;
	46	3	28	10	0	10	1	1.0635028	0.031452	138	1	1.06	0.94;
	47	1	0.0	0.0	0	0	1	1.0944158	-0.00090492418	138	1	1.06	0.94;
	48	1	0.0	0.0	0	15	1	1.1233698	-0.087609395	138	1	1.06	0.94;
	49	3	87	30	0	0	1	1.1298298	0.031452004	138	1	1.06	0.94;
	50	1	0.0	0.0	0	0	1	1.1335772	-0.011303232	138	1	1.06	0.94;
	51	1	0.0	0.0	0	0	1	1.1382183	-0.061516218	138	1	1.06	0.94;
	52	1	0.0	0.0	0	0	1	1.1398524	-0.080357842	138	1	1.06	0.94;
	53	1	0.0	0.0	0	0	1	1.1394981	-0.04653025	138	1	1.06	0.94;
	54	3	113	32	0	0	1	1.134478	0.031452004	138	1	1.06	0.94;
	55	3	63	22	0	0	1	1.136294	0.031440198	138	1	1.06	0.94;
	56	3	84	18	0	0	1	1.1356305	0.031572346	138	1	1.06	0.94;
	57	1	0.0	0.0	0	0	1	1.1365101	-0.01811466	138	1	1.06	0.94;
	58	1	0.0	0.0	0	0	1	1.1380519	-0.039014298	138	1	1.06	0.94;
	59	3	277	113	0	0	1	1.1212524	0.035329722	138	1	1.06	0.94;
	60	1	0.0	0.0	0	0	1	1.1382811	0.040680446	138	1	1.06	0.94;
	61	3	0	0	0	0	1	1.1398524	0.04970073	138	1	1.06	0.94;
	62	3	77	14	0	0	1	1.1362706	0.034621958	138	1	1.06	0.94;
	63	1	0.0	0.0	0	0	1	1.082006	-0.029765349	345	1	1.06	0.94;
	64	1	0.0	0.0	0	0	1	1.0814632	-0.062312901	345	1	1.06	0.94;
	65	3	0	0	0	0	1	1.0221883	0.031467237	345	1	1.06	0.94;
	66	3	39	18	0	0	1	1.1398524	0.031452004	138	1	1.06	0.94;
	67	1	0.0	0.0	0	0	1	1.1398524	0.0063530337	138	1	1.06	0.94;
	68	1	0.0	0.0	0	0	1	0.90637875	-0.009375453	345	1	1.06	0.94;
	69	3	0	0	0	0	1	0.98774767	0.031452004	138	1	1.06	0.94;
	70	3	66	20	0	0	1	0.92117864	0.03140565	138	1	1.06	0.94;
	71	1	0.0	0.0	0	0	1	0.89131534	0.066918112	138	1	1.06	0.94;
	72	3	12	0	0	0	1	0.86014825	0.031471685	138	1	1.06	0.94;
	73	3	6	0	0	0	1	0.8601476	0.03140638	138	1	1.06	0.94;
	74	3	68	27	0	12	1	0.95315915	0.03142301	138	1	1.06	0.94;
	75	1	0.0	0.0	0	0	1	0.97548294	-0.0043361001	138	1	1.06	0.94;
	76	3	68	36	0	0	1	0.99213427	0.031451181	138	1	1.06	0.94;
	77	3	61	28	0	0	1	1.0876727	0.031476226	138	1	1.06	0.94;
	78	1	0.0	0.0	0	0	1	1.0921701	-0.0081712632	138	1	1.06	0.94;
	79	1	0.0	0.0	0	20	1	1.1006759	-0.046031788	138	1	1.06	0.94;
	80	3	130	26	0	0	1	1.109584	0.031456206	138	1	1.06	0.94;
	81	1	0.0	0.0	0	0	1	0.96326691	-0.17230393	345	1	1.06	0.94;
	82	1	0.0	0.0	0	20	1	1.1305166	-0.23652048	138	1	1.06	0.94;
	83	1	0.0	0.0	0	10	1	1.1374823	-0.22199035	138	1	1.06	0.94;
	84	1	0.0	0.0	0	0	1	1.1398524	-0.070566863	138	1	1.06	0.94;
	85	3	24	15	0	0	1	1.1396748	0.034199573	138	1	1.06	0.94;
	86	1	0.0	0.0	0	0	1	1.1293002	-0.25782385	138	1	1.06	0.94;
	87	3	0	0	0	0	1	1.1059526	-0.81491089	161	1	1.06	0.94;
	88	1	0.0	0.0	0	0	1	1.1356374	0.021967052	138	1	1.06	0.94;
	89	3	0	0	0	0	1	1.1310199	0.031371381	138	1	1.06	0.94;
	90	3	163	42	0	0	1	1.0044092	0.032589629	138	1	1.06	0.94;
	91	3	10	0	0	0	1	1.098426	0.031225991	138	1	1.06	0.94;
	92	3	65	10	0	0	1	1.1328976	0.052642681	138	1	1.06	0.94;
	93	1	0.0	0.0	0	0	1	1.1355298	-0.010434165	138	1	1.06	0.94;
	94	1	0.0	0.0	0	0	1	1.1362044	-0.039956119	138	1	1.06	0.94;
	95	1	0.0	0.0	0	0	1	1.1340288	-0.074782327	138	1	1.06	0.94;
	96	1	0.0	0.0	0	0	1	1.1305124	-0.10596198	138	1	1.06	0.94;
	97	1	0.0	0.0	0	0	1	1.1215265	-0.052269537	138	1	1.06	0.94;
	98	1	0.0	0.0	0	0	1	1.1237036	0.014422693	138	1	1.06	0.94;
	99	3	42	0	0	0	1	1.1398524	0.041594706	138	1	1.06	0.94;
	100	3	37	18	0	0	1	1.1398524	0.067357995	138	1	1.06	0.94;
	101	1	0.0	0.0	0	0	1	1.1398524	0.025061099	138	1	1.06	0.94;
	102	1	0.0	0.0	0	0	1	1.1360753	0.028082037	138	1	1.06	0.94;
	103	3	23	16	0	0	1	1.1047896	0.044284042	138	1	1.06	0.94;
	104	3	38	25	0	0	1	1.0769557	0.067137346	138	1	1.06	0.94;
	105	3	31	26	0	20	1	1.0623363	0.17783833	138	1	1.06	0.94;
	106	1	0.0	0.0	0	0	1	1.0565461	0.061472144	138	1	1.06	0.94;
	107	3	50	12	0	6	1	0.95860082	-0.052955113	138	1	1.06	0.94;
	108	1	0.0	0.0	0	0	1	1.0514669	0.17446788	138	1	1.06	0.94;
	109	1	0.0	0.0	0	0	1	1.0466537	0.1790577	138	1	1.06	0.94;
	110	3	39	30	0	6	1	1.0328792	0.21289964	138	1	1.06	0.94;
	111	3	0	0	0	0	1	1.0745087	-0.093516052	138	1	1.06	0.94;
	112	3	68	13	0	0	1	0.95477664	-0.0072212182	138	1	1.06	0.94;
	113	3	6	0	0	0	1	1.1398498	0.076569855	138	1	1.06	0.94;
	114	1	0.0	0.0	0	0	1	0.92539889	0.083417803	138	1	1.06	0.94;
	115	1	0.0	0.0	0	0	1	0.91979134	0.094069615	138	1	1.06	0.94;
	116	3	184	0	0	0	1	0.8601476	0.031462625	138	1	1.06	0.94;
	117	1	0.0	0.0	0	0	1	1.1395186	0.13523197	138	1	1.06	0.94;
	118	1	0.0	0.0	0	0	1	0.98359478	0.0072813956	138	1	1.06	0.94;
];
